XS1:7.309644258284588E-11
XN2:9.317873068730363E-11
X6:3.652999275212547E-10
X3:2.794200091059417E-10
X2:3.652999275212547E-10
XS2:9.317873068730363E-11
XN1:7.309644258284588E-11
X1:2.794200091059417E-10
XN3:7.309644258284588E-11
WX1:7.309644258284588E-11
XE2:9.317873068730361E-11
XS3:7.309644258284588E-11
X4:3.652999275212547E-10
WX3:7.309644258284588E-11
X8:3.652999275212547E-10
X5:4.656612875245797E-10
XE3:7.309644258284588E-11
X9:2.794200091059417E-10
XE1:7.309644258284588E-11
WX2:9.317873068730363E-11

XS1:7.309644258284588E-11
XN2:9.317873068730363E-11
X6:3.652999275212547E-10
X3:2.794200091059417E-10
X2:3.652999275212547E-10
XS2:9.317873068730363E-11
XN1:7.309644258284588E-11
X1:2.794200091059417E-10
XN3:7.309644258284588E-11
WX1:7.309644258284588E-11
XE2:9.317873068730361E-11
XS3:7.309644258284588E-11
X4:3.652999275212547E-10
WX3:7.309644258284588E-11
X8:3.652999275212547E-10
X5:4.656612875245797E-10
XE3:7.309644258284588E-11
X9:2.794200091059417E-10
XE1:7.309644258284588E-11
WX2:9.317873068730363E-11

XS1:7.309644258284588E-11
XN2:9.317873068730363E-11
X6:3.652999275212547E-10
X3:2.794200091059417E-10
X2:3.652999275212547E-10
XS2:9.317873068730363E-11
XN1:7.309644258284588E-11
X1:2.794200091059417E-10
XN3:7.309644258284588E-11
WX1:7.309644258284588E-11
XE2:9.317873068730361E-11
XS3:7.309644258284588E-11
X4:3.652999275212547E-10
WX3:7.309644258284588E-11
X8:3.652999275212547E-10
X5:4.656612875245797E-10
XE3:7.309644258284588E-11
X9:2.794200091059417E-10
XE1:7.309644258284588E-11
WX2:9.317873068730363E-11

XS1:4.662187816562522E-11
XN2:1.3438026572641357E-10
X6:1.4101049902887452E-10
X3:1.294950226566627E-10
X2:3.2588998750985554E-10
XS2:1.0935256578087987E-10
XN1:3.187691778185556E-11
X1:1.8895171605992943E-10
XN3:1.665880939479118E-11
WX1:2.4772565950628065E-11
XE2:2.3252177164599998E-11
XS3:2.4918193924476017E-11
X4:2.487261268634411E-10
WX3:2.9395240793106467E-11
X8:3.454431283429416E-10
X5:4.656612875245797E-10
XE3:2.2908662156373107E-11
X9:1.0708232141439854E-10
XE1:1.665880939479118E-11
WX2:4.101413729561543E-11

