X7:0.6000499001996008
XS1:0.03924335377513399
XN2:0.06669993346640053
X6:0.19611890515054495
X3:0.12000998003992017
X2:0.19611890515054495
XS2:0.04001996007984032
XN1:0.07848670755026799
X1:0.20001663339986694
XN3:0.03924335377513399
WX1:Infinity
XE2:0.04001996007984031
XS3:0.026162235850089328
X4:0.3922378103010899
WX3:0.03924335377513399
X8:0.3922378103010899
X5:0.3333333333333333
XE3:0.026162235850089328
X9:0.20001663339986694
XE1:0.03924335377513399
WX2:0.06669993346640053

X7:0.6000499001996008
XS1:0.03924335377513399
XN2:0.06669993346640053
X6:0.19611890515054495
X3:0.12000998003992017
X2:0.19611890515054495
XS2:0.04001996007984032
XN1:0.07848670755026799
X1:0.20001663339986694
XN3:0.03924335377513399
WX1:Infinity
XE2:0.04001996007984031
XS3:0.026162235850089328
X4:0.3922378103010899
WX3:0.03924335377513399
X8:0.3922378103010899
X5:0.3333333333333333
XE3:0.026162235850089328
X9:0.20001663339986694
XE1:0.03924335377513399
WX2:0.06669993346640053

X7:0.6000499001996008
XS1:0.03924335377513399
XN2:0.06669993346640053
X6:0.19611890515054495
X3:0.12000998003992017
X2:0.19611890515054495
XS2:0.04001996007984032
XN1:0.07848670755026799
X1:0.20001663339986694
XN3:0.03924335377513399
WX1:Infinity
XE2:0.04001996007984031
XS3:0.026162235850089328
X4:0.3922378103010899
WX3:0.03924335377513399
X8:0.3922378103010899
X5:0.3333333333333333
XE3:0.026162235850089328
X9:0.20001663339986694
XE1:0.03924335377513399
WX2:0.06669993346640053

X7:0.34195950291730504
XS1:0.02502993023827663
XN2:0.09619314104232923
X6:0.07570443517995436
X3:0.05561768870461553
X2:0.17496085472461226
XS2:0.04696656935438626
XN1:0.03422757982664917
X1:0.13525690677042856
XN3:0.008943630188451008
WX1:Infinity
XE2:0.009986734043625064
XS3:0.0089185689942645
X4:0.26706764501044356
WX3:0.015781449725705863
X8:0.37091673454249463
X5:0.3333333333333333
XE3:0.008199329559243167
X9:0.07665251137340626
XE1:0.008943630188451008
WX2:0.02935906304604898

