X7:0.3000249500998004
XS1:0.052324471700178656
XN2:0.0500249500998004
X6:0.26149187353405995
X3:0.1500124750499002
X2:0.26149187353405995
XS2:0.0500249500998004
XN1:0.052324471700178656
X1:0.3000249500998004
XN3:0.03139468302010719
WX1:0.052324471700178656
XE2:0.05002495009980039
XS3:0.03139468302010719
X4:0.7844756206021798
WX3:0.052324471700178656
X8:0.26149187353405995
X5:0.5
XE3:0.03139468302010719
X9:0.1500124750499002
XE1:0.03139468302010719
WX2:Infinity

X7:0.3000249500998004
XS1:0.052324471700178656
XN2:0.0500249500998004
X6:0.26149187353405995
X3:0.1500124750499002
X2:0.26149187353405995
XS2:0.0500249500998004
XN1:0.052324471700178656
X1:0.3000249500998004
XN3:0.03139468302010719
WX1:0.052324471700178656
XE2:0.05002495009980039
XS3:0.03139468302010719
X4:0.7844756206021798
WX3:0.052324471700178656
X8:0.26149187353405995
X5:0.5
XE3:0.03139468302010719
X9:0.1500124750499002
XE1:0.03139468302010719
WX2:Infinity

X7:0.3000249500998004
XS1:0.052324471700178656
XN2:0.0500249500998004
X6:0.26149187353405995
X3:0.1500124750499002
X2:0.26149187353405995
XS2:0.0500249500998004
XN1:0.052324471700178656
X1:0.3000249500998004
XN3:0.03139468302010719
WX1:0.052324471700178656
XE2:0.05002495009980039
XS3:0.03139468302010719
X4:0.7844756206021798
WX3:0.052324471700178656
X8:0.26149187353405995
X5:0.5
XE3:0.03139468302010719
X9:0.1500124750499002
XE1:0.03139468302010719
WX2:Infinity

X7:0.17097975145865252
XS1:0.033373240317702176
XN2:0.07214485578174692
X6:0.10093924690660581
X3:0.06952211088076941
X2:0.23328113963281635
XS2:0.05870821169298283
XN1:0.022818386551099443
X1:0.20288536015564285
XN3:0.007154904150760806
WX1:0.017732893424400927
XE2:0.01248341755453133
XS3:0.0107022827931174
X4:0.5341352900208871
WX3:0.021041932967607816
X8:0.24727782302832976
X5:0.5
XE3:0.009839195471091801
X9:0.05748938353005469
XE1:0.007154904150760806
WX2:Infinity

