X7:0.3000249500998004
XS1:0.15697341510053597
XN2:0.0500249500998004
X6:0.26149187353405995
X3:0.3000249500998004
X2:0.7844756206021798
XS2:0.1000499001996008
XN1:0.052324471700178656
X1:Infinity
XN3:0.03139468302010719
WX1:0.052324471700178656
XE2:0.05002495009980039
XS3:0.052324471700178656
X4:0.7844756206021798
WX3:0.15697341510053597
X8:0.26149187353405995
X5:0.5
XE3:0.052324471700178656
X9:0.1500124750499002
XE1:0.03139468302010719
WX2:0.1000499001996008

X7:0.3000249500998004
XS1:0.15697341510053597
XN2:0.0500249500998004
X6:0.26149187353405995
X3:0.3000249500998004
X2:0.7844756206021798
XS2:0.1000499001996008
XN1:0.052324471700178656
X1:Infinity
XN3:0.03139468302010719
WX1:0.052324471700178656
XE2:0.05002495009980039
XS3:0.052324471700178656
X4:0.7844756206021798
WX3:0.15697341510053597
X8:0.26149187353405995
X5:0.5
XE3:0.052324471700178656
X9:0.1500124750499002
XE1:0.03139468302010719
WX2:0.1000499001996008

X7:0.3000249500998004
XS1:0.15697341510053597
XN2:0.0500249500998004
X6:0.26149187353405995
X3:0.3000249500998004
X2:0.7844756206021798
XS2:0.1000499001996008
XN1:0.052324471700178656
X1:Infinity
XN3:0.03139468302010719
WX1:0.052324471700178656
XE2:0.05002495009980039
XS3:0.052324471700178656
X4:0.7844756206021798
WX3:0.15697341510053597
X8:0.26149187353405995
X5:0.5
XE3:0.052324471700178656
X9:0.1500124750499002
XE1:0.03139468302010719
WX2:0.1000499001996008

X7:0.17097975145865252
XS1:0.10011972095310652
XN2:0.07214485578174692
X6:0.10093924690660581
X3:0.13904422176153883
X2:0.699843418898449
XS2:0.11741642338596565
XN1:0.022818386551099443
X1:Infinity
XN3:0.007154904150760806
WX1:0.017732893424400927
XE2:0.01248341755453133
XS3:0.017837137988529
X4:0.5341352900208871
WX3:0.06312579890282345
X8:0.24727782302832976
X5:0.5
XE3:0.016398659118486335
X9:0.05748938353005469
XE1:0.007154904150760806
WX2:0.04403859456907347

