X7:0.20001663339986694
XS1:0.07848670755026799
XN2:0.06669993346640053
X6:0.3922378103010899
X3:0.6000499001996008
X2:Infinity
XS2:0.2000998003992016
XN1:0.03924335377513399
X1:0.6000499001996008
XN3:0.03924335377513399
WX1:0.03924335377513399
XE2:0.06669993346640052
XS3:0.07848670755026799
X4:0.3922378103010899
WX3:0.07848670755026799
X8:0.3922378103010899
X5:1.0
XE3:0.07848670755026799
X9:0.20001663339986694
XE1:0.03924335377513399
WX2:0.06669993346640053

X7:0.20001663339986694
XS1:0.07848670755026799
XN2:0.06669993346640053
X6:0.3922378103010899
X3:0.6000499001996008
X2:Infinity
XS2:0.2000998003992016
XN1:0.03924335377513399
X1:0.6000499001996008
XN3:0.03924335377513399
WX1:0.03924335377513399
XE2:0.06669993346640052
XS3:0.07848670755026799
X4:0.3922378103010899
WX3:0.07848670755026799
X8:0.3922378103010899
X5:1.0
XE3:0.07848670755026799
X9:0.20001663339986694
XE1:0.03924335377513399
WX2:0.06669993346640053

X7:0.20001663339986694
XS1:0.07848670755026799
XN2:0.06669993346640053
X6:0.3922378103010899
X3:0.6000499001996008
X2:Infinity
XS2:0.2000998003992016
XN1:0.03924335377513399
X1:0.6000499001996008
XN3:0.03924335377513399
WX1:0.03924335377513399
XE2:0.06669993346640052
XS3:0.07848670755026799
X4:0.3922378103010899
WX3:0.07848670755026799
X8:0.3922378103010899
X5:1.0
XE3:0.07848670755026799
X9:0.20001663339986694
XE1:0.03924335377513399
WX2:0.06669993346640053

X7:0.11398650097243501
XS1:0.05005986047655326
XN2:0.09619314104232923
X6:0.15140887035990871
X3:0.27808844352307766
X2:Infinity
XS2:0.2348328467719313
XN1:0.017113789913324583
X1:0.4057707203112857
XN3:0.008943630188451008
WX1:0.013299670068300695
XE2:0.016644556739375108
XS3:0.0267557069827935
X4:0.26706764501044356
WX3:0.031562899451411726
X8:0.37091673454249463
X5:1.0
XE3:0.024597988677729502
X9:0.07665251137340626
XE1:0.008943630188451008
WX2:0.02935906304604898

