X7:0.1500124750499002
XS1:0.052324471700178656
XN2:0.0500249500998004
X6:0.7844756206021798
X3:Infinity
X2:0.7844756206021798
XS2:0.1000499001996008
XN1:0.03139468302010719
X1:0.3000249500998004
XN3:0.052324471700178656
WX1:0.03139468302010719
XE2:0.10004990019960078
XS3:0.15697341510053597
X4:0.26149187353405995
WX3:0.052324471700178656
X8:0.26149187353405995
X5:0.5
XE3:0.15697341510053597
X9:0.3000249500998004
XE1:0.052324471700178656
WX2:0.0500249500998004

X7:0.1500124750499002
XS1:0.052324471700178656
XN2:0.0500249500998004
X6:0.7844756206021798
X3:Infinity
X2:0.7844756206021798
XS2:0.1000499001996008
XN1:0.03139468302010719
X1:0.3000249500998004
XN3:0.052324471700178656
WX1:0.03139468302010719
XE2:0.10004990019960078
XS3:0.15697341510053597
X4:0.26149187353405995
WX3:0.052324471700178656
X8:0.26149187353405995
X5:0.5
XE3:0.15697341510053597
X9:0.3000249500998004
XE1:0.052324471700178656
WX2:0.0500249500998004

X7:0.1500124750499002
XS1:0.052324471700178656
XN2:0.0500249500998004
X6:0.7844756206021798
X3:Infinity
X2:0.7844756206021798
XS2:0.1000499001996008
XN1:0.03139468302010719
X1:0.3000249500998004
XN3:0.052324471700178656
WX1:0.03139468302010719
XE2:0.10004990019960078
XS3:0.15697341510053597
X4:0.26149187353405995
WX3:0.052324471700178656
X8:0.26149187353405995
X5:0.5
XE3:0.15697341510053597
X9:0.3000249500998004
XE1:0.052324471700178656
WX2:0.0500249500998004

X7:0.08548987572932626
XS1:0.033373240317702176
XN2:0.07214485578174692
X6:0.30281774071981743
X3:Infinity
X2:0.699843418898449
XS2:0.11741642338596565
XN1:0.013691031930659667
X1:0.20288536015564285
XN3:0.01192484025126801
WX1:0.010639736054640556
XE2:0.02496683510906266
XS3:0.053511413965587
X4:0.17804509667362903
WX3:0.021041932967607816
X8:0.24727782302832976
X5:0.5
XE3:0.049195977355459004
X9:0.11497876706010939
XE1:0.01192484025126801
WX2:0.022019297284536735

