X7:0.6000499001996008
XS1:0.07848670755026799
XN2:0.06669993346640053
X6:0.3922378103010899
X3:0.20001663339986694
X2:0.3922378103010899
XS2:0.06669993346640053
XN1:0.07848670755026799
X1:0.6000499001996008
XN3:0.03924335377513399
WX1:0.07848670755026799
XE2:0.06669993346640052
XS3:0.03924335377513399
X4:Infinity
WX3:0.07848670755026799
X8:0.3922378103010899
X5:1.0
XE3:0.03924335377513399
X9:0.20001663339986694
XE1:0.03924335377513399
WX2:0.2000998003992016

X7:0.6000499001996008
XS1:0.07848670755026799
XN2:0.06669993346640053
X6:0.3922378103010899
X3:0.20001663339986694
X2:0.3922378103010899
XS2:0.06669993346640053
XN1:0.07848670755026799
X1:0.6000499001996008
XN3:0.03924335377513399
WX1:0.07848670755026799
XE2:0.06669993346640052
XS3:0.03924335377513399
X4:Infinity
WX3:0.07848670755026799
X8:0.3922378103010899
X5:1.0
XE3:0.03924335377513399
X9:0.20001663339986694
XE1:0.03924335377513399
WX2:0.2000998003992016

X7:0.6000499001996008
XS1:0.07848670755026799
XN2:0.06669993346640053
X6:0.3922378103010899
X3:0.20001663339986694
X2:0.3922378103010899
XS2:0.06669993346640053
XN1:0.07848670755026799
X1:0.6000499001996008
XN3:0.03924335377513399
WX1:0.07848670755026799
XE2:0.06669993346640052
XS3:0.03924335377513399
X4:Infinity
WX3:0.07848670755026799
X8:0.3922378103010899
X5:1.0
XE3:0.03924335377513399
X9:0.20001663339986694
XE1:0.03924335377513399
WX2:0.2000998003992016

X7:0.34195950291730504
XS1:0.05005986047655326
XN2:0.09619314104232923
X6:0.15140887035990871
X3:0.09269614784102588
X2:0.3499217094492245
XS2:0.07827761559064376
XN1:0.03422757982664917
X1:0.4057707203112857
XN3:0.008943630188451008
WX1:0.02659934013660139
XE2:0.016644556739375108
XS3:0.01337785349139675
X4:Infinity
WX3:0.031562899451411726
X8:0.37091673454249463
X5:1.0
XE3:0.012298994338864751
X9:0.07665251137340626
XE1:0.008943630188451008
WX2:0.08807718913814694

