X7:0.3000249500998004
XS1:0.052324471700178656
XN2:0.1000499001996008
X6:0.7844756206021798
X3:0.3000249500998004
X2:0.7844756206021798
XS2:0.1000499001996008
XN1:0.052324471700178656
X1:0.3000249500998004
XN3:0.052324471700178656
WX1:0.052324471700178656
XE2:0.10004990019960078
XS3:0.052324471700178656
X4:0.7844756206021798
WX3:0.052324471700178656
X8:0.7844756206021798
X5:Infinity
XE3:0.052324471700178656
X9:0.3000249500998004
XE1:0.052324471700178656
WX2:0.1000499001996008

X7:0.3000249500998004
XS1:0.052324471700178656
XN2:0.1000499001996008
X6:0.7844756206021798
X3:0.3000249500998004
X2:0.7844756206021798
XS2:0.1000499001996008
XN1:0.052324471700178656
X1:0.3000249500998004
XN3:0.052324471700178656
WX1:0.052324471700178656
XE2:0.10004990019960078
XS3:0.052324471700178656
X4:0.7844756206021798
WX3:0.052324471700178656
X8:0.7844756206021798
X5:Infinity
XE3:0.052324471700178656
X9:0.3000249500998004
XE1:0.052324471700178656
WX2:0.1000499001996008

X7:0.3000249500998004
XS1:0.052324471700178656
XN2:0.1000499001996008
X6:0.7844756206021798
X3:0.3000249500998004
X2:0.7844756206021798
XS2:0.1000499001996008
XN1:0.052324471700178656
X1:0.3000249500998004
XN3:0.052324471700178656
WX1:0.052324471700178656
XE2:0.10004990019960078
XS3:0.052324471700178656
X4:0.7844756206021798
WX3:0.052324471700178656
X8:0.7844756206021798
X5:Infinity
XE3:0.052324471700178656
X9:0.3000249500998004
XE1:0.052324471700178656
WX2:0.1000499001996008

X7:0.17097975145865252
XS1:0.033373240317702176
XN2:0.14428971156349385
X6:0.30281774071981743
X3:0.13904422176153883
X2:0.699843418898449
XS2:0.11741642338596565
XN1:0.022818386551099443
X1:0.20288536015564285
XN3:0.01192484025126801
WX1:0.017732893424400927
XE2:0.02496683510906266
XS3:0.017837137988529
X4:0.5341352900208871
WX3:0.021041932967607816
X8:0.7418334690849893
X5:Infinity
XE3:0.016398659118486335
X9:0.11497876706010939
XE1:0.01192484025126801
WX2:0.04403859456907347

