X7:0.20001663339986694
XS1:0.03924335377513399
XN2:0.06669993346640053
X6:Infinity
X3:0.6000499001996008
X2:0.3922378103010899
XS2:0.06669993346640053
XN1:0.03924335377513399
X1:0.20001663339986694
XN3:0.07848670755026799
WX1:0.03924335377513399
XE2:0.20009980039920156
XS3:0.07848670755026799
X4:0.3922378103010899
WX3:0.03924335377513399
X8:0.3922378103010899
X5:1.0
XE3:0.07848670755026799
X9:0.6000499001996008
XE1:0.07848670755026799
WX2:0.06669993346640053

X7:0.20001663339986694
XS1:0.03924335377513399
XN2:0.06669993346640053
X6:Infinity
X3:0.6000499001996008
X2:0.3922378103010899
XS2:0.06669993346640053
XN1:0.03924335377513399
X1:0.20001663339986694
XN3:0.07848670755026799
WX1:0.03924335377513399
XE2:0.20009980039920156
XS3:0.07848670755026799
X4:0.3922378103010899
WX3:0.03924335377513399
X8:0.3922378103010899
X5:1.0
XE3:0.07848670755026799
X9:0.6000499001996008
XE1:0.07848670755026799
WX2:0.06669993346640053

X7:0.20001663339986694
XS1:0.03924335377513399
XN2:0.06669993346640053
X6:Infinity
X3:0.6000499001996008
X2:0.3922378103010899
XS2:0.06669993346640053
XN1:0.03924335377513399
X1:0.20001663339986694
XN3:0.07848670755026799
WX1:0.03924335377513399
XE2:0.20009980039920156
XS3:0.07848670755026799
X4:0.3922378103010899
WX3:0.03924335377513399
X8:0.3922378103010899
X5:1.0
XE3:0.07848670755026799
X9:0.6000499001996008
XE1:0.07848670755026799
WX2:0.06669993346640053

X7:0.11398650097243501
XS1:0.02502993023827663
XN2:0.09619314104232923
X6:Infinity
X3:0.27808844352307766
X2:0.3499217094492245
XS2:0.07827761559064376
XN1:0.017113789913324583
X1:0.13525690677042856
XN3:0.017887260376902015
WX1:0.013299670068300695
XE2:0.04993367021812532
XS3:0.0267557069827935
X4:0.26706764501044356
WX3:0.015781449725705863
X8:0.37091673454249463
X5:1.0
XE3:0.024597988677729502
X9:0.22995753412021877
XE1:0.017887260376902015
WX2:0.02935906304604898

