XS1:0.052324471700178656
XN2:0.1000499001996008
X6:0.26149187353405995
X3:0.1500124750499002
X2:0.26149187353405995
XS2:0.0500249500998004
XN1:0.15697341510053597
X1:0.3000249500998004
XN3:0.052324471700178656
WX1:0.15697341510053597
XE2:0.05002495009980039
XS3:0.03139468302010719
X4:0.7844756206021798
WX3:0.052324471700178656
X8:0.7844756206021798
X5:0.5
XE3:0.03139468302010719
X9:0.3000249500998004
XE1:0.052324471700178656
WX2:0.1000499001996008

XS1:0.052324471700178656
XN2:0.1000499001996008
X6:0.26149187353405995
X3:0.1500124750499002
X2:0.26149187353405995
XS2:0.0500249500998004
XN1:0.15697341510053597
X1:0.3000249500998004
XN3:0.052324471700178656
WX1:0.15697341510053597
XE2:0.05002495009980039
XS3:0.03139468302010719
X4:0.7844756206021798
WX3:0.052324471700178656
X8:0.7844756206021798
X5:0.5
XE3:0.03139468302010719
X9:0.3000249500998004
XE1:0.052324471700178656
WX2:0.1000499001996008

XS1:0.052324471700178656
XN2:0.1000499001996008
X6:0.26149187353405995
X3:0.1500124750499002
X2:0.26149187353405995
XS2:0.0500249500998004
XN1:0.15697341510053597
X1:0.3000249500998004
XN3:0.052324471700178656
WX1:0.15697341510053597
XE2:0.05002495009980039
XS3:0.03139468302010719
X4:0.7844756206021798
WX3:0.052324471700178656
X8:0.7844756206021798
X5:0.5
XE3:0.03139468302010719
X9:0.3000249500998004
XE1:0.052324471700178656
WX2:0.1000499001996008

XS1:0.033373240317702176
XN2:0.14428971156349385
X6:0.10093924690660581
X3:0.06952211088076941
X2:0.23328113963281635
XS2:0.05870821169298283
XN1:0.06845515965329833
X1:0.20288536015564285
XN3:0.01192484025126801
WX1:0.05319868027320278
XE2:0.01248341755453133
XS3:0.0107022827931174
X4:0.5341352900208871
WX3:0.021041932967607816
X8:0.7418334690849893
X5:0.5
XE3:0.009839195471091801
X9:0.11497876706010939
XE1:0.01192484025126801
WX2:0.04403859456907347

