X7:0.6000499001996008
XS1:0.03924335377513399
XN2:0.2000998003992016
X6:0.3922378103010899
X3:0.20001663339986694
X2:0.3922378103010899
XS2:0.06669993346640053
XN1:0.07848670755026799
X1:0.20001663339986694
XN3:0.07848670755026799
WX1:0.07848670755026799
XE2:0.06669993346640052
XS3:0.03924335377513399
X4:0.3922378103010899
WX3:0.03924335377513399
X8:Infinity
X5:1.0
XE3:0.03924335377513399
X9:0.6000499001996008
XE1:0.07848670755026799
WX2:0.06669993346640053

X7:0.6000499001996008
XS1:0.03924335377513399
XN2:0.2000998003992016
X6:0.3922378103010899
X3:0.20001663339986694
X2:0.3922378103010899
XS2:0.06669993346640053
XN1:0.07848670755026799
X1:0.20001663339986694
XN3:0.07848670755026799
WX1:0.07848670755026799
XE2:0.06669993346640052
XS3:0.03924335377513399
X4:0.3922378103010899
WX3:0.03924335377513399
X8:Infinity
X5:1.0
XE3:0.03924335377513399
X9:0.6000499001996008
XE1:0.07848670755026799
WX2:0.06669993346640053

X7:0.6000499001996008
XS1:0.03924335377513399
XN2:0.2000998003992016
X6:0.3922378103010899
X3:0.20001663339986694
X2:0.3922378103010899
XS2:0.06669993346640053
XN1:0.07848670755026799
X1:0.20001663339986694
XN3:0.07848670755026799
WX1:0.07848670755026799
XE2:0.06669993346640052
XS3:0.03924335377513399
X4:0.3922378103010899
WX3:0.03924335377513399
X8:Infinity
X5:1.0
XE3:0.03924335377513399
X9:0.6000499001996008
XE1:0.07848670755026799
WX2:0.06669993346640053

X7:0.34195950291730504
XS1:0.02502993023827663
XN2:0.2885794231269877
X6:0.15140887035990871
X3:0.09269614784102588
X2:0.3499217094492245
XS2:0.07827761559064376
XN1:0.03422757982664917
X1:0.13525690677042856
XN3:0.017887260376902015
WX1:0.02659934013660139
XE2:0.016644556739375108
XS3:0.01337785349139675
X4:0.26706764501044356
WX3:0.015781449725705863
X8:Infinity
X5:1.0
XE3:0.012298994338864751
X9:0.22995753412021877
XE1:0.017887260376902015
WX2:0.02935906304604898

