X7:0.20001663339986694
XS1:0.026162235850089328
XN2:0.06669993346640053
X6:0.3922378103010899
X3:0.20001663339986694
X2:0.19611890515054495
XS2:0.04001996007984032
XN1:0.03924335377513399
X1:0.12000998003992017
XN3:0.07848670755026799
WX1:0.03924335377513399
XE2:0.06669993346640052
XS3:0.03924335377513399
X4:0.19611890515054495
WX3:0.026162235850089328
X8:0.3922378103010899
X5:0.3333333333333333
XE3:0.03924335377513399
X9:0.6000499001996008
XE1:Infinity
WX2:0.04001996007984032

X7:0.20001663339986694
XS1:0.026162235850089328
XN2:0.06669993346640053
X6:0.3922378103010899
X3:0.20001663339986694
X2:0.19611890515054495
XS2:0.04001996007984032
XN1:0.03924335377513399
X1:0.12000998003992017
XN3:0.07848670755026799
WX1:0.03924335377513399
XE2:0.06669993346640052
XS3:0.03924335377513399
X4:0.19611890515054495
WX3:0.026162235850089328
X8:0.3922378103010899
X5:0.3333333333333333
XE3:0.03924335377513399
X9:0.6000499001996008
XE1:Infinity
WX2:0.04001996007984032

X7:0.20001663339986694
XS1:0.026162235850089328
XN2:0.06669993346640053
X6:0.3922378103010899
X3:0.20001663339986694
X2:0.19611890515054495
XS2:0.04001996007984032
XN1:0.03924335377513399
X1:0.12000998003992017
XN3:0.07848670755026799
WX1:0.03924335377513399
XE2:0.06669993346640052
XS3:0.03924335377513399
X4:0.19611890515054495
WX3:0.026162235850089328
X8:0.3922378103010899
X5:0.3333333333333333
XE3:0.03924335377513399
X9:0.6000499001996008
XE1:Infinity
WX2:0.04001996007984032

X7:0.11398650097243501
XS1:0.016686620158851088
XN2:0.09619314104232923
X6:0.15140887035990871
X3:0.09269614784102588
X2:0.17496085472461226
XS2:0.04696656935438626
XN1:0.017113789913324583
X1:0.08115414406225714
XN3:0.017887260376902015
WX1:0.013299670068300695
XE2:0.016644556739375108
XS3:0.01337785349139675
X4:0.13353382250522178
WX3:0.010520966483803908
X8:0.37091673454249463
X5:0.3333333333333333
XE3:0.012298994338864751
X9:0.22995753412021877
XE1:Infinity
WX2:0.017615437827629386

