X7:0.1500124750499002
XS1:0.03139468302010719
XN2:0.0500249500998004
X6:0.7844756206021798
X3:0.3000249500998004
X2:0.26149187353405995
XS2:0.0500249500998004
XN1:0.03139468302010719
X1:0.1500124750499002
XN3:0.052324471700178656
WX1:0.03139468302010719
XE2:Infinity
XS3:0.052324471700178656
X4:0.26149187353405995
WX3:0.03139468302010719
X8:0.26149187353405995
X5:0.5
XE3:0.052324471700178656
X9:0.3000249500998004
XE1:0.052324471700178656
WX2:0.0500249500998004

X7:0.1500124750499002
XS1:0.03139468302010719
XN2:0.0500249500998004
X6:0.7844756206021798
X3:0.3000249500998004
X2:0.26149187353405995
XS2:0.0500249500998004
XN1:0.03139468302010719
X1:0.1500124750499002
XN3:0.052324471700178656
WX1:0.03139468302010719
XE2:Infinity
XS3:0.052324471700178656
X4:0.26149187353405995
WX3:0.03139468302010719
X8:0.26149187353405995
X5:0.5
XE3:0.052324471700178656
X9:0.3000249500998004
XE1:0.052324471700178656
WX2:0.0500249500998004

X7:0.1500124750499002
XS1:0.03139468302010719
XN2:0.0500249500998004
X6:0.7844756206021798
X3:0.3000249500998004
X2:0.26149187353405995
XS2:0.0500249500998004
XN1:0.03139468302010719
X1:0.1500124750499002
XN3:0.052324471700178656
WX1:0.03139468302010719
XE2:Infinity
XS3:0.052324471700178656
X4:0.26149187353405995
WX3:0.03139468302010719
X8:0.26149187353405995
X5:0.5
XE3:0.052324471700178656
X9:0.3000249500998004
XE1:0.052324471700178656
WX2:0.0500249500998004

X7:0.08548987572932626
XS1:0.020023944190621305
XN2:0.07214485578174692
X6:0.30281774071981743
X3:0.13904422176153883
X2:0.23328113963281635
XS2:0.05870821169298283
XN1:0.013691031930659667
X1:0.10144268007782142
XN3:0.01192484025126801
WX1:0.010639736054640556
XE2:Infinity
XS3:0.017837137988529
X4:0.17804509667362903
WX3:0.01262515978056469
X8:0.24727782302832976
X5:0.5
XE3:0.016398659118486335
X9:0.11497876706010939
XE1:0.01192484025126801
WX2:0.022019297284536735

