X7:0.12000998003992017
XS1:0.03924335377513399
XN2:0.04001996007984032
X6:0.3922378103010899
X3:0.6000499001996008
X2:0.3922378103010899
XS2:0.06669993346640053
XN1:0.026162235850089328
X1:0.20001663339986694
XN3:0.03924335377513399
WX1:0.026162235850089328
XE2:0.06669993346640052
XS3:0.07848670755026799
X4:0.19611890515054495
WX3:0.03924335377513399
X8:0.19611890515054495
X5:0.3333333333333333
XE3:Infinity
X9:0.20001663339986694
XE1:0.03924335377513399
WX2:0.04001996007984032

X7:0.12000998003992017
XS1:0.03924335377513399
XN2:0.04001996007984032
X6:0.3922378103010899
X3:0.6000499001996008
X2:0.3922378103010899
XS2:0.06669993346640053
XN1:0.026162235850089328
X1:0.20001663339986694
XN3:0.03924335377513399
WX1:0.026162235850089328
XE2:0.06669993346640052
XS3:0.07848670755026799
X4:0.19611890515054495
WX3:0.03924335377513399
X8:0.19611890515054495
X5:0.3333333333333333
XE3:Infinity
X9:0.20001663339986694
XE1:0.03924335377513399
WX2:0.04001996007984032

X7:0.12000998003992017
XS1:0.03924335377513399
XN2:0.04001996007984032
X6:0.3922378103010899
X3:0.6000499001996008
X2:0.3922378103010899
XS2:0.06669993346640053
XN1:0.026162235850089328
X1:0.20001663339986694
XN3:0.03924335377513399
WX1:0.026162235850089328
XE2:0.06669993346640052
XS3:0.07848670755026799
X4:0.19611890515054495
WX3:0.03924335377513399
X8:0.19611890515054495
X5:0.3333333333333333
XE3:Infinity
X9:0.20001663339986694
XE1:0.03924335377513399
WX2:0.04001996007984032

X7:0.06839190058346101
XS1:0.02502993023827663
XN2:0.05771588462539754
X6:0.15140887035990871
X3:0.27808844352307766
X2:0.3499217094492245
XS2:0.07827761559064376
XN1:0.011409193275549722
X1:0.13525690677042856
XN3:0.008943630188451008
WX1:0.008866446712200464
XE2:0.016644556739375108
XS3:0.0267557069827935
X4:0.13353382250522178
WX3:0.015781449725705863
X8:0.18545836727124732
X5:0.3333333333333333
XE3:Infinity
X9:0.07665251137340626
XE1:0.008943630188451008
WX2:0.017615437827629386

