X7:0.20001663339986694
XN2:0.04001996007984032
X6:0.19611890515054495
X3:0.20001663339986694
X2:0.3922378103010899
XS2:0.06669993346640053
XN1:0.03924335377513399
X1:0.6000499001996008
XN3:0.026162235850089328
WX1:0.03924335377513399
XE2:0.04001996007984031
XS3:0.03924335377513399
X4:0.3922378103010899
WX3:0.07848670755026799
X8:0.19611890515054495
X5:0.3333333333333333
XE3:0.03924335377513399
X9:0.12000998003992017
XE1:0.026162235850089328
WX2:0.06669993346640053

X7:0.20001663339986694
XN2:0.04001996007984032
X6:0.19611890515054495
X3:0.20001663339986694
X2:0.3922378103010899
XS2:0.06669993346640053
XN1:0.03924335377513399
X1:0.6000499001996008
XN3:0.026162235850089328
WX1:0.03924335377513399
XE2:0.04001996007984031
XS3:0.03924335377513399
X4:0.3922378103010899
WX3:0.07848670755026799
X8:0.19611890515054495
X5:0.3333333333333333
XE3:0.03924335377513399
X9:0.12000998003992017
XE1:0.026162235850089328
WX2:0.06669993346640053

X7:0.20001663339986694
XN2:0.04001996007984032
X6:0.19611890515054495
X3:0.20001663339986694
X2:0.3922378103010899
XS2:0.06669993346640053
XN1:0.03924335377513399
X1:0.6000499001996008
XN3:0.026162235850089328
WX1:0.03924335377513399
XE2:0.04001996007984031
XS3:0.03924335377513399
X4:0.3922378103010899
WX3:0.07848670755026799
X8:0.19611890515054495
X5:0.3333333333333333
XE3:0.03924335377513399
X9:0.12000998003992017
XE1:0.026162235850089328
WX2:0.06669993346640053

X7:0.11398650097243501
XN2:0.05771588462539754
X6:0.07570443517995436
X3:0.09269614784102588
X2:0.3499217094492245
XS2:0.07827761559064376
XN1:0.017113789913324583
X1:0.4057707203112857
XN3:0.005962420125634005
WX1:0.013299670068300695
XE2:0.009986734043625064
XS3:0.01337785349139675
X4:0.26706764501044356
WX3:0.031562899451411726
X8:0.18545836727124732
X5:0.3333333333333333
XE3:0.012298994338864751
X9:0.04599150682404375
XE1:0.005962420125634005
WX2:0.02935906304604898

