X7:0.1500124750499002
XS1:0.052324471700178656
XN2:0.0500249500998004
X6:0.26149187353405995
X3:0.3000249500998004
X2:0.7844756206021798
XS2:Infinity
XN1:0.03139468302010719
X1:0.3000249500998004
XN3:0.03139468302010719
WX1:0.03139468302010719
XE2:0.05002495009980039
XS3:0.052324471700178656
X4:0.26149187353405995
WX3:0.052324471700178656
X8:0.26149187353405995
X5:0.5
XE3:0.052324471700178656
X9:0.1500124750499002
XE1:0.03139468302010719
WX2:0.0500249500998004

X7:0.1500124750499002
XS1:0.052324471700178656
XN2:0.0500249500998004
X6:0.26149187353405995
X3:0.3000249500998004
X2:0.7844756206021798
XS2:Infinity
XN1:0.03139468302010719
X1:0.3000249500998004
XN3:0.03139468302010719
WX1:0.03139468302010719
XE2:0.05002495009980039
XS3:0.052324471700178656
X4:0.26149187353405995
WX3:0.052324471700178656
X8:0.26149187353405995
X5:0.5
XE3:0.052324471700178656
X9:0.1500124750499002
XE1:0.03139468302010719
WX2:0.0500249500998004

X7:0.1500124750499002
XS1:0.052324471700178656
XN2:0.0500249500998004
X6:0.26149187353405995
X3:0.3000249500998004
X2:0.7844756206021798
XS2:Infinity
XN1:0.03139468302010719
X1:0.3000249500998004
XN3:0.03139468302010719
WX1:0.03139468302010719
XE2:0.05002495009980039
XS3:0.052324471700178656
X4:0.26149187353405995
WX3:0.052324471700178656
X8:0.26149187353405995
X5:0.5
XE3:0.052324471700178656
X9:0.1500124750499002
XE1:0.03139468302010719
WX2:0.0500249500998004

X7:0.08548987572932626
XS1:0.033373240317702176
XN2:0.07214485578174692
X6:0.10093924690660581
X3:0.13904422176153883
X2:0.699843418898449
XS2:Infinity
XN1:0.013691031930659667
X1:0.20288536015564285
XN3:0.007154904150760806
WX1:0.010639736054640556
XE2:0.01248341755453133
XS3:0.017837137988529
X4:0.17804509667362903
WX3:0.021041932967607816
X8:0.24727782302832976
X5:0.5
XE3:0.016398659118486335
X9:0.05748938353005469
XE1:0.007154904150760806
WX2:0.022019297284536735

